0.999995 -0.000002 0.003179 -3.000005 0.000002 1.000000 0.000003 1.000001 -0.003179 -0.000003 0.999995 -0.001007
0.999995 0.000468 0.003184 -2.827439 -0.000468 1.000000 0.000003 1.000012 -0.003184 -0.000004 0.999995 -0.001008
0.999992 0.000850 0.003777 -2.563684 -0.000855 0.999999 0.001509 0.999913 -0.003776 -0.001512 0.999992 -0.000954
0.999992 0.000802 0.003808 -2.430934 -0.000810 0.999998 0.001906 0.999810 -0.003807 -0.001909 0.999991 -0.008990
0.999993 0.000507 0.003804 -2.189258 -0.000515 0.999998 0.001907 0.999634 -0.003803 -0.001909 0.999991 -0.009140
0.943437 0.331532 0.003630 -1.050097 -0.331537 0.943442 0.000852 0.936810 -0.003142 -0.002008 0.999993 -0.009732
0.905635 0.424043 0.003508 -0.947551 -0.424047 0.905640 0.000558 0.894881 -0.002941 -0.001993 0.999994 -0.009715
0.826333 0.563172 0.003259 -0.793721 -0.563175 0.826337 0.000117 0.807242 -0.002627 -0.001931 0.999995 -0.009644
0.753827 0.657066 0.003024 -0.688828 -0.657068 0.753831 -0.000182 0.726289 -0.002399 -0.001850 0.999995 -0.009555
0.692114 0.721782 0.002827 -0.608874 -0.721785 0.692118 -0.000388 0.649393 -0.002237 -0.001772 0.999996 -0.009459
0.801406 0.598112 0.003179 -0.416857 -0.598115 0.801410 0.000004 0.470720 -0.002545 -0.001905 0.999995 -0.009239
0.918852 0.394586 0.003549 -0.268408 -0.394591 0.918857 0.000652 0.380955 -0.003003 -0.002000 0.999993 -0.009160
0.992006 0.126133 0.003777 -0.122626 -0.126140 0.992011 0.001508 0.341161 -0.003557 -0.001972 0.999992 -0.009175
0.990231 -0.139387 0.003772 1.011806 0.139379 0.990236 0.002353 0.542479 -0.004063 -0.001804 0.999990 -0.010265
0.999991 -0.001788 0.003803 1.249914 0.001780 0.999997 0.001914 0.559356 -0.003806 -0.001908 0.999991 -0.010446
0.998197 0.059904 0.003773 1.420625 -0.059913 0.998201 0.002347 0.552464 -0.003625 -0.002569 0.999990 -0.010304
0.998174 0.060292 0.003771 1.590061 -0.060301 0.998177 0.002348 0.542252 -0.003622 -0.002571 0.999990 -0.010560
0.998088 0.061693 0.003770 1.793327 -0.061702 0.998092 0.002349 0.529902 -0.003618 -0.002577 0.999990 -0.010885
0.998029 0.062486 0.005705 1.996739 -0.062517 0.998029 0.005421 0.517262 -0.005355 -0.005767 0.999969 0.002927
0.997976 0.063473 0.003778 2.234136 -0.063482 0.997980 0.002321 0.502316 -0.003623 -0.002556 0.999990 -0.011210
0.997953 0.063698 0.005708 2.403686 -0.063729 0.997953 0.005427 0.491461 -0.005350 -0.005780 0.999969 -0.000104
0.997949 0.063760 0.005701 2.573374 -0.063791 0.997949 0.005426 0.480665 -0.005343 -0.005778 0.999969 -0.000472
0.997935 0.064116 0.003772 2.776977 -0.064126 0.997939 0.002355 0.467595 -0.003614 -0.002592 0.999990 -0.017354
0.997882 0.064933 0.003773 2.982917 -0.064942 0.997886 0.002352 0.454260 -0.003612 -0.002592 0.999990 -0.017443
0.997837 0.065633 0.003780 3.152284 -0.065642 0.997840 0.002351 0.443199 -0.003617 -0.002594 0.999990 -0.017518
0.997811 0.066020 0.003773 3.389710 -0.066029 0.997815 0.002346 0.427462 -0.003610 -0.002590 0.999990 -0.017403
0.997754 0.066886 0.003769 3.559070 -0.066895 0.997757 0.002351 0.416215 -0.003603 -0.002598 0.999990 -0.017638
0.999926 0.011594 0.003771 3.728456 -0.011603 0.999930 0.002348 0.407482 -0.003744 -0.002391 0.999990 -0.017869
0.994199 -0.107402 0.005704 3.932445 0.107372 0.994204 0.005422 0.417274 -0.006253 -0.004779 0.999969 -0.007906
0.978266 -0.207318 0.003779 4.099842 0.207310 0.978272 0.002320 0.443920 -0.004178 -0.001486 0.999990 -0.018110
0.946321 -0.323177 0.005686 4.295393 0.323148 0.946333 0.005444 0.497918 -0.007141 -0.003315 0.999969 -0.010681
0.905962 -0.423321 0.005700 4.414682 0.423294 0.905976 0.005427 0.543943 -0.007461 -0.002503 0.999969 -0.011303
0.905912 -0.423448 0.003789 4.539724 0.423442 0.905920 0.002324 0.602290 -0.004417 -0.000501 0.999990 -0.024064
0.902062 -0.431591 0.003774 4.653891 0.431585 0.902069 0.002350 0.656114 -0.004419 -0.000491 0.999990 -0.024219
0.901669 -0.432411 0.003774 4.792541 0.432405 0.901676 0.002352 0.722572 -0.004420 -0.000489 0.999990 -0.024409
0.900738 -0.434345 0.003772 4.931374 0.434339 0.900746 0.002348 0.789341 -0.004418 -0.000477 0.999990 -0.024031
0.900065 -0.435739 0.003769 5.057225 0.435733 0.900073 0.002351 0.850129 -0.004417 -0.000474 0.999990 -0.024313
0.899253 -0.437414 0.003772 5.195430 0.437408 0.899260 0.002346 0.917191 -0.004418 -0.000460 0.999990 -0.024573
0.898618 -0.438695 0.005704 5.321005 0.438667 0.898633 0.005422 0.978372 -0.007505 -0.002370 0.999969 -0.018836
0.898039 -0.439900 0.003778 5.446787 0.439894 0.898047 0.002322 1.039887 -0.004414 -0.000423 0.999990 -0.024575
0.896890 -0.442217 0.005689 5.597209 0.442190 0.896905 0.005442 1.113804 -0.007509 -0.002365 0.999969 -0.021449
0.896295 -0.443421 0.005699 5.735127 0.443394 0.896310 0.005427 1.181944 -0.007515 -0.002338 0.999969 -0.022289
0.895114 -0.445821 0.003774 5.860103 0.445815 0.895122 0.002345 1.243972 -0.004424 -0.000417 0.999990 -0.030686
0.894270 -0.447511 0.003773 6.010459 0.447505 0.894278 0.002351 1.319095 -0.004427 -0.000414 0.999990 -0.030895
0.719236 -0.694758 0.003214 6.136734 0.694751 0.719243 0.003140 1.400662 -0.004493 -0.000025 0.999990 -0.031087
0.563828 -0.825883 0.003770 6.180774 0.825882 0.563838 0.002351 1.452846 -0.004068 0.001788 0.999990 -0.030305
0.388369 -0.921496 0.003769 6.213467 0.921497 0.388379 0.002352 1.512625 -0.003631 0.002559 0.999990 -0.030236
0.162092 -0.986768 0.003773 6.235987 0.986771 0.162102 0.002345 1.590911 -0.002925 0.003343 0.999990 -0.030093
0.353973 -0.935238 0.005704 6.241144 0.935229 0.354003 0.005422 1.627230 -0.007090 0.003416 0.999969 -0.027601
0.522844 -0.852420 0.003778 6.255616 0.852419 0.522854 0.002322 1.655411 -0.003955 0.002006 0.999990 -0.029060
0.710421 -0.703754 0.005694 6.293941 0.703733 0.710444 0.005437 1.703854 -0.007871 0.000144 0.999969 -0.028635
0.835900 -0.548853 0.005700 6.333966 0.548828 0.835918 0.005427 1.736337 -0.007743 -0.001408 0.999969 -0.028732
0.927556 -0.373665 0.003821 6.379658 0.373659 0.927563 0.002241 1.760287 -0.004381 -0.000651 0.999990 -0.033833
0.912647 -0.408732 0.003773 6.527523 0.408725 0.912654 0.002351 1.816515 -0.004405 -0.000604 0.999990 -0.034020
0.812989 -0.582269 0.003456 6.569268 0.582262 0.812996 0.002902 1.840480 -0.004500 -0.000347 0.999990 -0.034082
0.669402 -0.742891 0.003770 6.612050 0.742888 0.669411 0.002351 1.879485 -0.004271 0.001227 0.999990 -0.032937
0.668576 -0.743634 0.003768 6.685635 0.743631 0.668586 0.002352 1.961363 -0.004268 0.001230 0.999990 -0.033059
0.503939 -0.863731 0.003773 6.749441 0.863731 0.503949 0.002345 2.047941 -0.003927 0.002077 0.999990 -0.033103
0.405125 -0.914253 0.003774 6.772139 0.914254 0.405135 0.002330 2.091750 -0.003659 0.002506 0.999990 -0.032744
0.175863 -0.984407 0.003776 6.789095 0.984410 0.175872 0.002325 2.146538 -0.002953 0.003308 0.999990 -0.032206
0.055652 -0.998434 0.005698 6.794220 0.998434 0.055683 0.005433 2.205214 -0.005741 0.005386 0.999969 -0.034212
0.058120 -0.998293 0.005704 6.801921 0.998293 0.058151 0.005422 2.341049 -0.005745 0.005379 0.999969 -0.034665
0.058844 -0.998260 0.003774 6.812584 0.998264 0.058853 0.002343 2.521143 -0.002561 0.003630 0.999990 -0.037146
0.059093 -0.998245 0.003775 6.819952 0.998249 0.059102 0.002349 2.646476 -0.002568 0.003629 0.999990 -0.037069
-0.020066 -0.999792 0.003525 6.828866 0.999796 -0.020058 0.002352 2.843255 -0.002281 0.003572 0.999991 -0.036938
-0.138904 -0.990299 0.003773 6.820418 0.990304 -0.138896 0.002348 2.949970 -0.001801 0.004062 0.999990 -0.036228
-0.313182 -0.949686 0.003769 6.784033 0.949693 -0.313174 0.002350 3.106092 -0.001051 0.004316 0.999990 -0.036114
-0.390806 -0.920465 0.003773 6.709801 0.920473 -0.390800 0.002345 3.288748 -0.000684 0.004389 0.999990 -0.035859
-0.392297 -0.919831 0.003773 6.625331 0.919838 -0.392291 0.002331 3.487172 -0.000664 0.004385 0.999990 -0.035452
-0.393688 -0.919236 0.003776 6.554540 0.919244 -0.393682 0.002325 3.652750 -0.000651 0.004386 0.999990 -0.034812
-0.394196 -0.919009 0.005698 6.512008 0.919022 -0.394168 0.005432 3.751944 -0.002746 0.007378 0.999969 -0.041019
-0.394612 -0.918830 0.005698 6.469591 0.918844 -0.394585 0.005428 3.850859 -0.002739 0.007378 0.999969 -0.040972
-0.431154 -0.902261 0.005581 6.426155 0.902275 -0.431127 0.005381 3.950000 -0.002449 0.007355 0.999970 -0.040919
-0.998658 0.051659 0.003775 5.693099 -0.051651 -0.998662 0.002348 4.202737 0.003892 0.002150 0.999990 -0.036457
-0.998864 0.047511 0.003773 5.513546 -0.047502 -0.998868 0.002360 4.194504 0.003881 0.002178 0.999990 -0.035188
-0.998655 0.051708 0.003772 5.207969 -0.051699 -0.998660 0.002348 4.179480 0.003889 0.002150 0.999990 -0.033026
-0.998552 0.053665 0.003772 5.100213 -0.053656 -0.998557 0.002346 4.173861 0.003892 0.002141 0.999990 -0.032263
-0.998465 0.055250 0.003773 4.974576 -0.055241 -0.998470 0.002344 4.167045 0.003897 0.002132 0.999990 -0.031372
-0.998363 0.057078 0.003773 4.795199 -0.057070 -0.998367 0.002332 4.156994 0.003900 0.002113 0.999990 -0.030101
-0.998180 0.060182 0.003775 4.557685 -0.060173 -0.998185 0.002326 4.143120 0.003908 0.002095 0.999990 -0.028414
-0.997867 0.065175 0.003776 4.163743 -0.065166 -0.997872 0.002308 4.118538 0.003918 0.002057 0.999990 -0.025614
-0.997771 0.066620 0.003777 4.020014 -0.066612 -0.997776 0.002305 4.109062 0.003922 0.002048 0.999990 -0.024591
-0.277022 0.960844 0.006071 3.076287 -0.960863 -0.277024 -0.000542 3.808378 0.001161 -0.005984 0.999981 -0.017274
