0.999995 -0.000002 0.003179 -3.000005 0.000002 1.000000 0.000003 1.000001 -0.003179 -0.000003 0.999995 -0.001007
0.999995 -0.000006 0.003179 -3.000005 0.000006 1.000000 0.000003 1.000001 -0.003179 -0.000003 0.999995 -0.001007
0.999995 -0.000019 0.003179 -3.000004 0.000019 1.000000 0.000003 1.000003 -0.003179 -0.000003 0.999995 -0.001007
0.999995 -0.000026 0.003179 -3.000004 0.000026 1.000000 0.000003 1.000004 -0.003179 -0.000003 0.999995 -0.001007
0.999995 -0.000031 0.003179 -3.000003 0.000031 1.000000 0.000003 1.000005 -0.003179 -0.000003 0.999995 -0.001007
0.999995 -0.000041 0.003184 -2.966977 0.000041 1.000000 0.000004 1.000007 -0.003184 -0.000004 0.999995 -0.001008
0.999995 -0.000083 0.003184 -2.827445 0.000083 1.000000 0.000004 1.000014 -0.003184 -0.000004 0.999995 -0.001008
0.999995 -0.000302 0.003182 -2.563689 0.000302 1.000000 0.000005 1.000061 -0.003182 -0.000004 0.999995 -0.001008
0.999995 -0.000466 0.003185 -2.430938 0.000466 1.000000 0.000005 1.000112 -0.003185 -0.000004 0.999995 -0.001008
0.999995 -0.000879 0.003181 -2.189259 0.000879 1.000000 0.000006 1.000273 -0.003181 -0.000003 0.999995 -0.001008
0.943934 0.330121 0.003008 -1.049998 -0.330120 0.943939 -0.001048 0.939158 -0.003185 -0.000004 0.999995 -0.001008
0.906296 0.422633 0.002886 -0.947385 -0.422631 0.906301 -0.001343 0.897389 -0.003183 -0.000003 0.999995 -0.001008
0.827239 0.561844 0.002637 -0.793411 -0.561841 0.827243 -0.001784 0.809998 -0.003184 -0.000006 0.999995 -0.001008
0.754905 0.655830 0.002403 -0.688383 -0.655827 0.754908 -0.002083 0.729217 -0.003180 -0.000003 0.999995 -0.001007
0.693308 0.720638 0.002207 -0.608300 -0.720634 0.693312 -0.002289 0.652454 -0.003180 -0.000003 0.999995 -0.001007
0.802396 0.596787 0.002558 -0.415984 -0.596784 0.802400 -0.001896 0.474099 -0.003184 -0.000005 0.999995 -0.001008
0.919340 0.393454 0.002927 -0.267378 -0.393452 0.919344 -0.001249 0.384579 -0.003182 -0.000003 0.999995 -0.001008
0.992125 0.125210 0.003155 -0.121542 -0.125209 0.992130 -0.000394 0.344965 -0.003179 -0.000004 0.999995 -0.001007
0.990076 -0.140497 0.003149 1.012706 0.140496 0.990081 0.000451 0.547348 -0.003181 -0.000004 0.999995 -0.001008
0.999991 -0.002689 0.003180 1.250821 0.002689 0.999996 0.000012 0.564495 -0.003180 -0.000003 0.999995 -0.001007
0.998267 0.058758 0.003176 1.421588 -0.058758 0.998272 -0.000184 0.557760 -0.003181 -0.000003 0.999995 -0.001008
0.998240 0.059213 0.003180 1.591095 -0.059213 0.998245 -0.000183 0.547745 -0.003185 -0.000005 0.999995 -0.001008
0.998202 0.059851 0.003180 1.794450 -0.059851 0.998207 -0.000185 0.535620 -0.003185 -0.000006 0.999995 -0.001008
0.998165 0.060476 0.003179 1.997965 -0.060476 0.998170 -0.000187 0.523361 -0.003185 -0.000006 0.999995 -0.001008
0.998131 0.061024 0.003178 2.235391 -0.061024 0.998136 -0.000191 0.508906 -0.003184 -0.000003 0.999995 -0.001008
0.998089 0.061708 0.003178 2.404973 -0.061708 0.998094 -0.000191 0.498472 -0.003184 -0.000006 0.999995 -0.001008
0.998058 0.062207 0.003174 2.574684 -0.062207 0.998063 -0.000195 0.487949 -0.003180 -0.000003 0.999995 -0.001007
0.998020 0.062813 0.003174 2.778316 -0.062813 0.998025 -0.000197 0.475205 -0.003180 -0.000003 0.999995 -0.001007
0.997982 0.063421 0.003174 2.984288 -0.063421 0.997987 -0.000199 0.462189 -0.003180 -0.000003 0.999995 -0.001008
0.997962 0.063739 0.003180 3.153661 -0.063739 0.997967 -0.000199 0.451390 -0.003186 -0.000004 0.999995 -0.001008
0.997904 0.064638 0.003174 3.391077 -0.064638 0.997909 -0.000203 0.436111 -0.003181 -0.000003 0.999995 -0.001008
0.997878 0.065037 0.003179 3.560417 -0.065036 0.997883 -0.000202 0.425105 -0.003185 -0.000005 0.999995 -0.001008
0.999948 0.009710 0.003179 3.729766 -0.009710 0.999953 -0.000027 0.416691 -0.003180 -0.000004 0.999995 -0.001007
0.993977 -0.109541 0.003161 3.933684 0.109540 0.993982 0.000351 0.426872 -0.003180 -0.000003 0.999995 -0.001008
0.977989 -0.208634 0.003112 4.101056 0.208633 0.977994 0.000671 0.453886 -0.003183 -0.000007 0.999995 -0.001008
0.945700 -0.325028 0.003007 4.296562 0.325026 0.945704 0.001038 0.508156 -0.003181 -0.000004 0.999995 -0.001008
0.905119 -0.425148 0.002878 4.415782 0.425146 0.905124 0.001355 0.554428 -0.003181 -0.000003 0.999995 -0.001008
0.905026 -0.425346 0.002878 4.415972 0.425344 0.905031 0.001356 0.554517 -0.003181 -0.000003 0.999995 -0.001008
0.904930 -0.425551 0.002878 4.417495 0.425549 0.904935 0.001357 0.555233 -0.003182 -0.000003 0.999995 -0.001008
0.905067 -0.425259 0.002880 4.433807 0.425257 0.905072 0.001358 0.562902 -0.003184 -0.000004 0.999995 -0.001008
0.905355 -0.424646 0.002878 4.477347 0.424644 0.905360 0.001354 0.583303 -0.003180 -0.000004 0.999995 -0.001008
0.905177 -0.425026 0.002881 4.540726 0.425024 0.905181 0.001356 0.613039 -0.003184 -0.000003 0.999995 -0.001008
0.904308 -0.426871 0.002875 4.595223 0.426869 0.904312 0.001360 0.638749 -0.003180 -0.000003 0.999995 -0.001008
0.901480 -0.432811 0.002867 4.654840 0.432809 0.901485 0.001381 0.667026 -0.003182 -0.000004 0.999995 -0.001008
0.901000 -0.433809 0.002865 4.730486 0.433807 0.901005 0.001381 0.703359 -0.003181 -0.000001 0.999995 -0.001008
0.900844 -0.434134 0.002866 4.793421 0.434132 0.900848 0.001385 0.733679 -0.003183 -0.000003 0.999995 -0.001008
0.900338 -0.435183 0.002861 4.856683 0.435181 0.900342 0.001387 0.764212 -0.003179 -0.000003 0.999995 -0.001007
0.899821 -0.436249 0.002862 4.932148 0.436247 0.899826 0.001392 0.800718 -0.003182 -0.000004 0.999995 -0.001008
0.899762 -0.436372 0.002865 4.995184 0.436370 0.899766 0.001394 0.831289 -0.003186 -0.000004 0.999995 -0.001008
0.899192 -0.437545 0.002858 5.057882 0.437542 0.899197 0.001394 0.861771 -0.003180 -0.000003 0.999995 -0.001007
0.898668 -0.438621 0.002856 5.133110 0.438619 0.898672 0.001398 0.898422 -0.003180 -0.000003 0.999995 -0.001007
0.898216 -0.439545 0.002856 5.195965 0.439543 0.898221 0.001399 0.929109 -0.003181 -0.000002 0.999995 -0.001008
0.898055 -0.439874 0.002857 5.259027 0.439871 0.898060 0.001403 0.959988 -0.003183 -0.000003 0.999995 -0.001008
0.897542 -0.440920 0.002852 5.321399 0.440918 0.897546 0.001405 0.990584 -0.003180 -0.000003 0.999995 -0.001007
0.897037 -0.441947 0.002854 5.384181 0.441945 0.897041 0.001410 1.021437 -0.003183 -0.000004 0.999995 -0.001008
0.896935 -0.442154 0.002854 5.447024 0.442152 0.896939 0.001410 1.052408 -0.003183 -0.000003 0.999995 -0.001008
0.896414 -0.443209 0.002849 5.509639 0.443207 0.896418 0.001412 1.083323 -0.003179 -0.000003 0.999995 -0.001007
0.895859 -0.444330 0.002847 5.597258 0.444328 0.895863 0.001416 1.126696 -0.003180 -0.000003 0.999995 -0.001007
0.895405 -0.445244 0.002847 5.659942 0.445242 0.895409 0.001417 1.157794 -0.003180 -0.000001 0.999995 -0.001008
0.895257 -0.445541 0.002850 5.735016 0.445539 0.895261 0.001423 1.195150 -0.003185 -0.000004 0.999995 -0.001008
0.894695 -0.446668 0.002843 5.797314 0.446666 0.894700 0.001423 1.226222 -0.003180 -0.000003 0.999995 -0.001007
0.894190 -0.447680 0.002844 5.859842 0.447677 0.894194 0.001429 1.257463 -0.003183 -0.000005 0.999995 -0.001008
0.894126 -0.447807 0.002847 5.922685 0.447805 0.894130 0.001430 1.288936 -0.003186 -0.000004 0.999995 -0.001008
0.893543 -0.448968 0.002844 6.010074 0.448965 0.893548 0.001433 1.332817 -0.003185 -0.000004 0.999995 -0.001008
0.861284 -0.508116 0.002737 6.071119 0.508113 0.861289 0.001618 1.365110 -0.003180 -0.000003 0.999995 -0.001007
0.718458 -0.695567 0.002285 6.136211 0.695563 0.718461 0.002219 1.414575 -0.003185 -0.000005 0.999995 -0.001008
0.563174 -0.826336 0.001790 6.180184 0.826332 0.563177 0.002631 1.466798 -0.003182 -0.000003 0.999995 -0.001008
0.388840 -0.921305 0.001234 6.212765 0.921300 0.388842 0.002933 1.526580 -0.003182 -0.000003 0.999995 -0.001008
0.159987 -0.987119 0.000506 6.235403 0.987114 0.159988 0.003144 1.605071 -0.003184 -0.000003 0.999995 -0.001008
0.081935 -0.996638 0.000258 6.239209 0.996633 0.081936 0.003170 1.637041 -0.003181 -0.000003 0.999995 -0.001008
0.082107 -0.996624 0.000258 6.239195 0.996618 0.082107 0.003170 1.636870 -0.003181 -0.000003 0.999995 -0.001008
0.082286 -0.996609 0.000259 6.239181 0.996604 0.082286 0.003170 1.636698 -0.003181 -0.000003 0.999995 -0.001008
0.168206 -0.985752 0.000534 6.239248 0.985747 0.168207 0.003136 1.637290 -0.003181 -0.000002 0.999995 -0.001008
0.351360 -0.936240 0.001115 6.240571 0.936235 0.351362 0.002982 1.641561 -0.003183 -0.000004 0.999995 -0.001008
0.520971 -0.853573 0.001656 6.254952 0.853568 0.520974 0.002717 1.669735 -0.003182 -0.000002 0.999995 -0.001008
0.708761 -0.705445 0.002253 6.293161 0.705442 0.708764 0.002248 1.718216 -0.003183 -0.000003 0.999995 -0.001008
0.834471 -0.551045 0.002652 6.333096 0.551042 0.834475 0.001756 1.750753 -0.003181 -0.000004 0.999995 -0.001008
0.926706 -0.375776 0.002947 6.378716 0.375774 0.926711 0.001200 1.774786 -0.003182 -0.000005 0.999995 -0.001008
0.935522 -0.353255 0.002977 6.425244 0.353253 0.935527 0.001126 1.792436 -0.003182 -0.000002 0.999995 -0.001008
0.935717 -0.352738 0.002975 6.471917 0.352736 0.935722 0.001127 1.810049 -0.003182 -0.000005 0.999995 -0.001008
0.911994 -0.410193 0.002901 6.526479 0.410191 0.911999 0.001308 1.831217 -0.003182 -0.000003 0.999995 -0.001008
0.812461 -0.583010 0.002585 6.568177 0.583007 0.812465 0.001856 1.855214 -0.003182 -0.000001 0.999995 -0.001008
0.668715 -0.743515 0.002126 6.610919 0.743512 0.668719 0.002369 1.894220 -0.003183 -0.000003 0.999995 -0.001008
0.667926 -0.744225 0.002122 6.644057 0.744221 0.667929 0.002371 1.931096 -0.003182 -0.000004 0.999995 -0.001008
0.667822 -0.744318 0.002124 6.684481 0.744314 0.667826 0.002373 1.976147 -0.003185 -0.000004 0.999995 -0.001008
0.601306 -0.799017 0.001909 6.715671 0.799013 0.601309 0.002546 2.013587 -0.003183 -0.000006 0.999995 -0.001008
0.501932 -0.864906 0.001594 6.748111 0.864901 0.501935 0.002752 2.062536 -0.003180 -0.000003 0.999995 -0.001008
0.402586 -0.915381 0.001278 6.770611 0.915377 0.402588 0.002918 2.106202 -0.003186 -0.000005 0.999995 -0.001008
0.174073 -0.984733 0.000550 6.787279 0.984728 0.174074 0.003136 2.160994 -0.003184 -0.000004 0.999995 -0.001008
0.052566 -0.998617 0.000164 6.792199 0.998612 0.052566 0.003175 2.219651 -0.003179 -0.000003 0.999995 -0.001007
0.052260 -0.998634 0.000162 6.794915 0.998628 0.052260 0.003173 2.271386 -0.003177 -0.000004 0.999995 -0.001007
0.054395 -0.998519 0.000169 6.799490 0.998514 0.054396 0.003181 2.355622 -0.003185 -0.000005 0.999995 -0.001008
0.055328 -0.998468 0.000172 6.803474 0.998463 0.055328 0.003175 2.427953 -0.003180 -0.000003 0.999995 -0.001007
0.056073 -0.998427 0.000175 6.809488 0.998422 0.056073 0.003175 2.535753 -0.003180 -0.000004 0.999995 -0.001008
0.056855 -0.998382 0.000176 6.816583 0.998377 0.056855 0.003180 2.661098 -0.003185 -0.000005 0.999995 -0.001008
0.057560 -0.998342 0.000179 6.821733 0.998337 0.057560 0.003176 2.750839 -0.003181 -0.000004 0.999995 -0.001008
-0.022115 -0.999755 -0.000073 6.825063 0.999750 -0.022115 0.003181 2.857895 -0.003182 -0.000002 0.999995 -0.001008
-0.140172 -0.990127 -0.000450 6.816403 0.990122 -0.140173 0.003147 2.964596 -0.003179 -0.000004 0.999995 -0.001007
-0.314947 -0.949109 -0.001007 6.779826 0.949104 -0.314949 0.003021 3.120670 -0.003185 -0.000005 0.999995 -0.001008
-0.391945 -0.919988 -0.001249 6.747746 0.919983 -0.391947 0.002926 3.203580 -0.003181 -0.000002 0.999995 -0.001008
-0.392848 -0.919603 -0.001252 6.705263 0.919598 -0.392850 0.002925 3.303185 -0.003182 -0.000002 0.999995 -0.001008
-0.393676 -0.919249 -0.001254 6.669891 0.919244 -0.393678 0.002923 3.385913 -0.003180 -0.000003 0.999995 -0.001008
-0.394618 -0.918845 -0.001258 6.620362 0.918840 -0.394620 0.002924 3.501415 -0.003183 -0.000002 0.999995 -0.001008
-0.395506 -0.918463 -0.001260 6.584665 0.918458 -0.395508 0.002921 3.584435 -0.003181 -0.000002 0.999995 -0.001008
-0.396304 -0.918118 -0.001263 6.549163 0.918114 -0.396306 0.002918 3.666814 -0.003180 -0.000003 0.999995 -0.001007
-0.397220 -0.917722 -0.001266 6.506359 0.917718 -0.397222 0.002918 3.765880 -0.003180 -0.000003 0.999995 -0.001008
-0.398134 -0.917327 -0.001268 6.463573 0.917322 -0.398136 0.002917 3.864630 -0.003181 -0.000002 0.999995 -0.001008
-0.434031 -0.900897 -0.001382 6.419829 0.900892 -0.434033 0.002866 3.963632 -0.003182 -0.000002 0.999995 -0.001008
-0.998509 0.054502 -0.003177 5.686061 -0.054502 -0.998514 -0.000175 4.214274 -0.003182 -0.000001 0.999995 -0.001008
-0.998743 0.050028 -0.003179 5.506540 -0.050028 -0.998748 -0.000164 4.205526 -0.003183 -0.000005 0.999995 -0.001008
-0.998541 0.053904 -0.003179 5.201008 -0.053903 -0.998546 -0.000177 4.189726 -0.003184 -0.000006 0.999995 -0.001008
-0.998465 0.055294 -0.003178 5.093268 -0.055294 -0.998470 -0.000181 4.183867 -0.003183 -0.000005 0.999995 -0.001008
-0.998372 0.056942 -0.003176 4.967644 -0.056942 -0.998377 -0.000183 4.176843 -0.003182 -0.000002 0.999995 -0.001008
-0.998244 0.059149 -0.003178 4.788286 -0.059149 -0.998249 -0.000194 4.166485 -0.003184 -0.000006 0.999995 -0.001008
-0.998057 0.062229 -0.003175 4.550801 -0.062229 -0.998062 -0.000199 4.152115 -0.003182 -0.000001 0.999995 -0.001008
-0.997733 0.067222 -0.003175 4.156908 -0.067221 -0.997738 -0.000217 4.126722 -0.003182 -0.000003 0.999995 -0.001008
-0.997635 0.068667 -0.003173 4.013198 -0.068667 -0.997640 -0.000221 4.116950 -0.003181 -0.000002 0.999995 -0.001008
-0.275034 0.961434 -0.000874 3.070088 -0.961429 -0.275036 -0.003063 3.814323 -0.003185 -0.000002 0.999995 -0.001008
-0.229119 0.973398 -0.000726 3.068476 -0.973393 -0.229120 -0.003101 3.808253 -0.003185 -0.000003 0.999995 -0.001008
